Figure:
	3.100000 4.900000 valjak 155.744000 147.859460
	7.200000 5.400000 kupa 569.721600 878.999040
	9.300000 1.700000 valjak 642.444000 461.683620
	4.400000 6.900000 kupa 312.241600 419.453760
	3.900000 4.000000 valjal 193.486800 191.037600
	5.000000 1.900000 valjak 216.660000 149.150000
	2.200000 8.600000 kupa 149.212800 130.699360
Sortirane figure:
	valjak 642.444000 461.683620
	kupa 569.721600 878.999040
	kupa 312.241600 419.453760
	valjak 216.660000 149.150000
	valjal 193.486800 191.037600
	valjak 155.744000 147.859460
	kupa 149.212800 130.699360
Figure:
	9.300000 1.700000 valjak 642.444000 461.683620
	7.200000 5.400000 kupa 569.721600 878.999040
	4.400000 6.900000 kupa 312.241600 419.453760
